position (player not camera): 24.10319081385771, 32.09892840326218, 254.05654024039364
position: 24.10319081385771, 33.71892840326218, 254.05654024039364
rotation: 3.1681824, 44.775566